1.3068952560424805
0.14924907684326172
1.668078899383545
0.4481940269470215
1.4517569541931152
0.39846181869506836
0.1414930820465088
0.7971467971801758
2.41629695892334
2.2499639987945557
0.24143409729003906
0.7304251194000244
0.5376551151275635
1.1014680862426758
0.6877729892730713
0.3184378147125244
0.2595839500427246
0.6791331768035889
0.30730295181274414
0.2567329406738281
0.517772912979126
0.44127607345581055
1.041985034942627
2.923189878463745
1.6223647594451904
0.5923006534576416
0.23216009140014648
0.130479097366333
1.0964369773864746
0.2990291118621826
0.2522749900817871
0.23192310333251953
0.5939040184020996
0.4707489013671875
0.16364693641662598
0.38704586029052734
0.2885730266571045
0.5426559448242188
1.3583788871765137
0.49065613746643066
0.9274818897247314
0.6386599540710449
0.20661592483520508
1.1145129203796387
1.798799991607666
0.7914209365844727
0.9959502220153809
0.22318506240844727
0.4337599277496338
0.8875548839569092
0.5208930969238281
0.6324050426483154
0.50288987159729
1.3017070293426514
0.1352219581604004
1.486077070236206
1.6475739479064941
0.33385396003723145
0.6076169013977051
1.6723320484161377
0.14310288429260254
0.6688299179077148
1.072955846786499
0.29907703399658203
1.2769441604614258
0.730396032333374
0.4900827407836914
0.5767059326171875
1.5078809261322021
0.5453457832336426
0.6364741325378418
0.18142008781433105
1.2949938774108887
3.1612071990966797
0.7606151103973389
0.13976025581359863
1.3478312492370605
0.2490837574005127
0.7510719299316406
0.75199294090271
0.13214898109436035
0.27979421615600586
0.80564284324646
1.0250048637390137
0.3628990650177002
1.0838310718536377
2.5467469692230225
0.4309580326080322
0.6225671768188477
0.9949109554290771
0.21649837493896484
1.3353216648101807
0.4698600769042969
0.3120381832122803
0.2869529724121094
2.2476141452789307
1.696176290512085
2.4396250247955322
1.2511229515075684
0.6243982315063477
